74 22 96
61 35 96
30 39 69
67 4 71
41 31 72
44 99 143
69 27 96
53 47 100
76 99 175
56 82 138
92 17 109
15 97 112
45 39 84
87 70 157
18 85 103
91 65 156
5 23 28
2 57 59
24 66 90
56 56 112
85 87 172
27 93 120
35 93 128
83 75 158
37 46 83
47 30 77
55 90 145
81 82 163
44 13 57
49 44 93
39 68 107
5 10 15
30 22 52
10 53 63
88 25 113
73 86 159
46 74 120
84 38 122
23 55 78
59 5 64
6 86 92
86 28 114
7 77 84
40 66 106
8 31 39
40 73 113
70 15 85
43 12 55
75 96 171
4 7 11
84 12 96
83 63 146
61 48 109
84 1 85
11 94 105
92 29 121
93 60 153
73 40 113
23 45 68
17 65 82
34 97 131
73 88 161
65 93 158
79 44 123
24 63 87
30 12 42
1 21 22
32 84 116
42 83 125
88 8 96
74 79 153
42 26 68
99 92 191
78 46 124
34 2 36
82 53 135
88 6 94
35 16 51
73 50 123
51 89 140
6 63 69
10 71 81
91 23 114
40 3 43
60 50 110
50 80 130
1 18 19
71 23 94
40 86 126
31 23 54
98 91 189
79 9 88
41 84 125
96 32 128
23 74 97
19 28 47
72 33 105
17 43 60
9 86 95
92 6 98
27 51 78
41 88 129
23 89 112
16 21 37
87 10 97
72 7 79
61 53 114
0 6 6
5 85 90
76 12 88
19 88 107
23 25 48
8 73 81
83 19 102
57 57 114
62 34 96
89 88 177
29 60 89
68 10 78
63 48 111
71 17 88
1 67 68
72 29 101
49 1 50
64 7 71
50 22 72
13 88 101
73 9 82
73 23 96
69 40 109
8 64 72
66 90 156
36 41 77
92 14 106
98 7 105
88 58 146
60 88 148
42 6 48
36 15 51
40 54 94
91 71 162
45 41 86
41 72 113
32 9 41
72 50 122
51 73 124
2 21 23
1 52 53
38 82 120
23 98 121
87 14 101
45 9 54
52 20 72
66 82 148
57 17 74
43 72 115
64 9 73
54 36 90
61 16 77
98 6 104
93 67 160
11 1 12
65 36 101
41 64 105
38 17 55
85 19 104
51 9 60
80 29 109
21 16 37
96 91 187
69 72 141
38 0 38
22 33 55
65 38 103
9 30 39
57 60 117
86 51 137
84 98 182
91 29 120
4 37 41
83 79 162
86 89 175
55 44 99
45 50 95
63 53 116
80 23 103
34 23 57
70 7 77
55 73 128
76 82 158
32 68 100
24 16 40
63 64 127
7 9 16
29 95 124
83 96 179
36 66 102
96 96 192
28 58 86
11 67 78
67 56 123
89 9 98
4 42 46
55 0 55
58 48 106
86 80 166
81 15 96
13 55 68
47 94 141
95 63 158
87 77 164
34 2 36
44 80 124
96 55 151
81 91 172
59 15 74
78 44 122
86 98 184
80 55 135
3 94 97
39 37 76
6 68 74
53 1 54
25 82 107
29 88 117
75 80 155
79 10 89
55 67 122
43 29 72
19 57 76
76 80 156
77 63 140
4 14 18
61 3 64
3 49 52
98 36 134
5 99 104
99 19 118
91 71 162
11 21 32
17 72 89
17 64 81
88 49 137
26 15 41
32 30 62
8 77 85
57 25 82
50 76 126
35 98 133
10 40 50
11 58 69
29 73 102
62 93 155
18 85 103
41 3 44
41 59 100
11 24 35
40 39 79
0 55 55
82 44 126
58 51 109
41 62 103
80 1 81
91 11 102
25 38 63
72 25 97
88 54 142
92 84 176
44 69 113
42 1 43
62 20 82
30 83 113
27 38 65
21 43 64
19 83 102
73 71 144
83 74 157
74 4 78
63 65 128
71 77 148
25 76 101
56 12 68
89 88 177
65 38 103
87 19 106
0 8 8
74 5 79
95 15 110
30 20 50
74 47 121
87 61 148
95 90 185
92 59 151
50 40 90
4 55 59
11 77 88
0 80 80
43 87 130
94 80 174
16 40 56
2 17 19
2 3 5
8 9 17
