75 60 15
56 47 9
83 65 18
29 9 20
44 20 24
62 46 16
90 55 35
29 25 4
57 34 23
60 33 27
64 24 40
51 34 17
99 39 60
99 78 21
22 15 7
79 16 63
59 17 42
49 48 1
66 62 4
52 12 40
83 49 34
66 45 21
74 29 45
33 7 26
75 2 73
59 51 8
93 49 44
98 8 90
50 5 45
58 14 44
99 55 44
44 43 1
81 37 44
89 40 49
46 38 8
48 48 0
65 12 53
39 32 7
24 18 6
95 28 67
33 18 15
91 38 53
97 46 51
86 42 44
87 83 4
91 88 3
68 27 41
45 45 0
82 54 28
90 31 59
43 16 27
82 46 36
74 54 20
61 3 58
16 7 9
24 2 22
73 67 6
95 39 56
62 44 18
50 22 28
94 15 79
88 63 25
29 13 16
68 15 53
36 32 4
71 56 15
45 26 19
62 43 19
97 7 90
78 55 23
49 37 12
50 46 4
64 49 15
81 67 14
89 34 55
31 13 18
94 40 54
51 25 26
60 55 5
79 9 70
82 20 62
24 2 22
60 36 24
96 90 6
39 16 23
31 16 15
99 70 29
82 57 25
88 55 33
59 8 51
38 4 34
62 18 44
85 59 26
80 79 1
94 88 6
34 28 6
87 16 71
69 26 43
58 33 25
60 27 33
49 2 47
90 4 86
18 12 6
50 2 48
56 37 19
47 7 40
76 60 16
22 13 9
71 4 67
52 36 16
69 11 58
99 21 78
56 36 20
56 50 6
60 1 59
72 61 11
60 26 34
10 8 2
47 31 16
36 13 23
88 31 57
26 18 8
47 26 21
62 54 8
54 1 53
36 3 33
80 71 9
59 55 4
57 15 42
12 10 2
60 28 32
16 2 14
78 42 36
35 23 12
73 42 31
84 7 77
21 9 12
46 20 26
88 22 66
94 86 8
81 20 61
46 30 16
93 66 27
15 12 3
82 5 77
83 39 44
63 50 13
96 28 68
90 14 76
76 36 40
99 81 18
84 28 56
16 7 9
80 38 42
62 32 30
67 65 2
61 44 17
94 57 37
97 21 76
74 59 15
94 75 19
21 20 1
78 29 49
92 59 33
17 5 12
47 11 36
48 2 46
63 58 5
83 27 56
87 3 84
78 72 6
82 33 49
37 27 10
96 94 2
96 74 22
63 6 57
97 34 63
33 9 24
87 67 20
77 17 60
36 28 8
43 41 2
85 1 84
82 38 44
98 42 56
75 70 5
76 41 35
87 84 3
20 19 1
86 62 24
90 13 77
69 40 29
66 16 50
70 18 52
90 58 32
52 1 51
68 32 36
98 29 69
64 52 12
60 20 40
59 6 53
79 1 78
61 47 14
89 56 33
63 58 5
89 73 16
22 13 9
78 24 54
59 8 51
98 72 26
60 27 33
52 42 10
88 61 27
89 43 46
83 16 67
63 56 7
96 52 44
84 35 49
79 74 5
82 11 71
65 46 19
80 60 20
65 53 12
92 71 21
50 41 9
78 72 6
25 24 1
43 21 22
6 4 2
67 5 62
29 8 21
74 48 26
81 46 35
93 43 50
67 58 9
99 58 41
45 33 12
25 3 22
72 18 54
88 74 14
63 46 17
57 4 53
59 20 39
92 60 32
84 74 10
71 68 3
39 6 33
93 29 64
77 32 45
96 45 51
73 1 72
99 60 39
63 1 62
76 57 19
96 10 86
74 65 9
91 73 18
49 18 31
43 20 23
36 3 33
88 33 55
98 92 6
95 35 60
83 81 2
95 40 55
51 46 5
77 39 38
93 29 64
75 49 26
44 12 32
36 34 2
57 56 1
55 44 11
35 29 6
86 18 68
91 57 34
66 29 37
40 24 16
35 31 4
79 36 43
77 61 16
86 64 22
27 15 12
93 16 77
94 9 85
78 38 40
48 11 37
85 1 84
80 35 45
50 3 47
79 22 57
72 8 64
15 9 6
92 85 7
63 42 21
24 17 7
89 36 53
69 65 4
44 24 20
86 19 67
14 1 13
90 1 89
